3301021010000001
3301021010000005
3301021010000003
3301021010000004
3301021010000006
3301021010000007
3301021010000008
3301021010000009
3301021010000010
3301021010000105
3301021010000141
3301021010000140
3301021010000139
3301021010000138
3301021010000137
3301021010000136
3301021010000135
3301021010000134
3301021010000133
3301021010000132
3301021010000131
3301021010000130
3301021010000129
3301021010000128
3301021010000127
3301021010000126
3301021010000125
3301021010000124
3301021010000123
3301021010000122
3301021010000121
3301021010000120
3301021010000119
3301021010000118
3301021010000117
3301021010000116
3301021010000115
3301021010000114
3301021010000113
3301021010000112
3301021010000106
3301021010000111
3301021010000110
3301021010000109
3301021010000108
3301021010000107
3301021010000199
3301021010000180
3301021010000181
3301021010000182
3301021010000183
3301021010000184
3301021010000185
3301021010000186
3301021010000187
3301021010000188
3301021010000189
3301021010000190
3301021010000191
3301021010000192
3301021010000193
3301021010000194
3301021010000195
3301021010000196
3301021010000197
3301021010000198
3301021010000200
3301021010000201
3301021010000202
3301021010000203
3301021010000204
3301021010000205
3301021010000206
3301021010000142
3301021010000143
3301021010000144
3301021010000145
3301021010000146
3301021010000147
3301021010000148
3301021010000149
3301021010000150
3301021010000151
3301021010000152
3301021010000153
3301021010000154
3301021010000155
3301021010000156
3301021010000157
3301021010000158
3301021010000159
3301021010000160
3301021010000161
3301021010000162
3301021010000163
3301021010000164
3301021010000165
3301021010000166
3301021010000167
3301021010000168
3301021010000169
3301021010000170
3301021010000171
3301021010000172
3301021010000173
3301021010000174
3301021010000175
3301021010000176
3301021010000177
3301021010000178
3301021010000179
3301020010000207
3301020010000208
3301020010000209
3301020010000210
3301021010000211
3301021010000212
3301021010000213
3301021010000214
3301021010000215
3301021010000216
3301021010000217
3301021010000218
3301021010000219
3301021010000220
3301021010000221
3301021010000222
3301021010000223
3301021010000224
3301021010000225
3301021010000226
3301021010000227
3301021010000228
3301021010000229
3301021010000230
3301021010000231
3301021010000232
3301021010000233
3301021010000234
3301021010000235
3301021010000236
3301021010000237
3301021010000238
3301021010000239
3301021010000240
3301021010000241
3301021010000242
3301021010000243
3301021010000244
3301851010000002
3301851010000003
3301851010000009
3301021010000245
3301020010000246
1101011010000001
1101011010000002
1101011010000003
3301021010000247
3301020010000289
3301020010000248
3301020010000249
3301020010000250
3301021010000251
3301021010000252
3301021010000253
3301021010000254
3301021010000255
3301021010000256
3301021010000257
3301021010000258
3301021010000259
3301020010000260
3301020010000261
3301021010000262
3301021010000263
3301021010000264
3301020010000265
3301021010000266
3301021010000267
3301021010000268
3301020010000269
3301021010000271
3301021010000272
3301021010000270
3301021010000273
3301021010000274
3301021010000275
3301021010000276
3301021010000277
3301021010000278
3301021010000279
3301021010000280
3301021010000281
3301021010000282
3301021010000283
3301021010000284
3301021010000285
3301021010000286
3301021010000287
3301021010000288
